0.43187577
0.15174691
0.3921429
0.66565114
0.9777209
0.01821427
0.6754399
0.9821156
0.030892871
0.9460915
0.02939573
0.35422617
0.95610446
0.030779906
0.36684528
0.21784659
0.35177082
0.005595253
0.23348565
0.3608695
0.01821427
0.23003674
0.35268983
0.030892871
0.2360589
0.35958952
0.04351189
0.23219429
0.35522956
0.05619049
0.2397572
0.35542315
0.06886909
0.33523163
0.36148164
0.36684528
0.34725097
0.36521938
0.3921429
0.35603282
0.36268538
0.4048214
0.3481351
0.36549684
0.4175
0.4482705
0.37153518
0.7029762
0.45513615
0.36925232
0.7408929
0.46217194
0.36994407
0.75357145
0.4629502
0.37136787
0.76619047
0.5212547
0.37561318
0.9331547
0.52751875
0.37446666
0.9458333
0.5211763
0.3765418
0.95845234
0.5284461
0.37344536
0.9711309
0.527771
0.37474838
0.9837499
0.5334074
0.37748545
0.99642855
0.23476708
0.7877906
0.030892871
0.23920402
0.78351474
0.04351189
0.24001074
0.78721267
0.05619049
0.23886332
0.79063535
0.06886909
0.3427247
0.7827371
0.35422617
0.34749156
0.78261656
0.36684528
0.35791153
0.7806385
0.37952378
0.35455868
0.7816295
0.3921429
0.3674026
0.7841446
0.4048214
0.36079067
0.7820938
0.4175
0.4608078
0.77427065
0.7029762
0.4608059
0.7748063
0.71559525
0.47560012
0.77479523
0.72827387
0.4736017
0.7736101
0.7408929
0.48069558
0.7761534
0.75357145
0.47698438
0.775364
0.76619047
0.5370019
0.7708056
0.9331547
0.5480553
0.77368045
0.9458333
0.54372823
0.77148813
0.95845234
0.55211407
0.7707684
0.9837499
0.5652445
0.77010614
0.99642855
0.28397802
0.28320482
0.36684528
0.27227968
0.26851162
0.4048214
0.25367177
0.19379957
0.72827387
0.24196106
0.18934281
0.7408929
0.24140938
0.19004165
0.75357145
0.23130207
0.18359615
0.76619047
0.18386543
0.14549506
0.9458333
0.17258257
0.13909577
0.95845234
0.17420433
0.14123161
0.9711309
0.17291668
0.13739392
0.99642855
0
0
0
0
0
0
0
0
0
0
0
0
0
0
0
0
0
0
0
0
0
0
0
0
0
0
0
0
0
0
0
0
0
0
0
0
0
0
0
0
0
0
0
0
0
0
0
0
0
0
0
0
0
0
0
0
0
0
0
0
0
0
0
0
0
0
0
0
0
0
0
0
0
0
0
0
0
0
0
0
0
0
0
0
0
0
0
0
0
0
0
0
0
0
0
0
0
0
0
0
0
0
0
0
0
0
0
0
0
0
0
0
0
0
0
0
0
0
0
0
0
0
0
0
0
0
0
0
0
0
0
0
0
0
0
0
0
0
0
0
0
0
0
0
0
0
0
0
0
0
0
0
0
0
0
0
0
0
0
0
0
0
0
0
0
0
0
0
0
0
0
0
0
0
0
0
0
0
0
0
0
0
0
0
0
0
0
0
0
0
0
0
0
0
0
0
0
0
0
0
0
0
0
0
0
0
0
0
0
0
0
0
0
0
0
0
0
0
0
0
0
0
0
0
0
0
0
0
0
0
0
0
0
0
0
0
0
0
0
0
0
0
0
0
0
0
0
0
0
0
0
0
0
0
0
0
0
0
0
0
0
0
0
0
0
0
0
0
0
0
0
0
0
0
0
0
0
0
0
0
0
0
0
13
0
14
0
47
1
2
1
25
1
26
1
27
1
28
2
3
2
26
2
27
2
28
2
29
3
0
3
4
4
0
4
47
5
6
5
7
5
8
5
9
6
7
6
8
6
9
6
10
7
8
7
9
7
10
8
9
8
10
8
11
8
46
9
10
9
11
9
46
10
0
10
11
10
12
10
46
11
0
11
12
11
13
11
14
11
47
12
13
12
14
12
15
12
47
13
14
13
15
13
48
14
15
14
16
14
48
14
49
15
16
15
17
15
48
15
49
15
50
16
17
16
18
16
19
16
20
16
50
16
51
16
52
17
18
17
19
17
20
17
21
17
51
17
52
17
53
18
19
18
20
18
21
18
22
18
52
18
53
18
54
19
20
19
22
19
23
19
52
19
53
19
54
20
21
20
22
20
23
20
24
20
53
20
54
20
55
21
22
21
23
21
24
21
54
22
23
22
24
22
55
23
24
23
55
25
26
25
27
25
28
25
29
26
27
26
29
26
30
27
28
27
29
27
30
27
31
28
29
28
30
28
31
28
32
29
30
29
31
29
32
29
33
30
31
30
32
30
33
30
34
31
32
31
33
31
34
31
35
32
33
32
34
32
35
32
36
33
34
33
35
33
36
33
37
34
35
34
36
34
37
34
38
35
37
35
38
35
39
36
37
36
38
36
39
36
40
37
38
37
39
37
40
37
41
38
39
38
40
38
41
38
42
39
40
39
41
39
42
39
43
40
41
40
42
40
43
41
42
41
43
41
44
42
43
42
44
42
45
43
44
43
45
44
45
46
0
46
12
46
13
46
14
46
47
47
14
47
15
47
48
48
16
48
17
48
18
48
19
48
49
48
50
48
51
49
17
49
18
49
19
49
20
49
50
49
51
49
52
50
18
50
19
50
20
50
21
50
51
50
52
50
53
51
19
51
20
51
21
51
22
51
52
51
53
51
54
52
21
52
22
52
23
52
24
52
53
52
54
52
55
53
22
53
23
53
24
53
54
53
55
54
23
54
24
54
55
-1
-1
-1
-1
-1
-1
-1
-1
-1
-1
-1
-1
-1
-1
-1
-1
-1
-1
-1
-1
-1
-1
-1
-1
-1
-1
-1
-1
-1
-1
-1
-1
-1
-1
-1
-1
-1
-1
-1
-1
-1
-1
-1
-1
-1
-1
-1
-1
-1
-1
-1
-1
0.0
0.0
0.0
1.0
0.0
0.0
0.0
0.0
1.0
0.0
0.0
0.0
0.0
0.0
1.0
0.0
0.0
1.0
1.0
1.0
1.0
1.0
1.0
1.0
1.0
1.0
1.0
1.0
1.0
1.0
1.0
0.0
1.0
1.0
0.0
0.0
1.0
1.0
0.0
0.0
1.0
1.0
1.0
0.0
1.0
1.0
1.0
0.0
1.0
1.0
0.0
1.0
1.0
0.0
0.0
1.0
1.0
0.0
0.0
0.0
1.0
1.0
1.0
1.0
0.0
0.0
0.0
1.0
1.0
1.0
1.0
0.0
0.0
0.0
1.0
1.0
1.0
1.0
0.0
0.0
0.0
1.0
1.0
1.0
0.0
0.0
0.0
1.0
1.0
1.0
1.0
0.0
0.0
0.0
1.0
1.0
1.0
0.0
1.0
1.0
0.0
1.0
0.0
1.0
1.0
1.0
1.0
1.0
1.0
1.0
1.0
1.0
1.0
1.0
1.0
1.0
1.0
1.0
1.0
1.0
1.0
1.0
1.0
1.0
1.0
1.0
1.0
1.0
1.0
1.0
1.0
1.0
1.0
1.0
1.0
1.0
1.0
1.0
1.0
1.0
1.0
1.0
1.0
1.0
1.0
1.0
1.0
1.0
1.0
1.0
1.0
1.0
1.0
1.0
1.0
1.0
1.0
1.0
1.0
1.0
1.0
1.0
1.0
1.0
1.0
1.0
1.0
1.0
1.0
1.0
1.0
1.0
1.0
0.0
0.0
0.0
0.0
1.0
0.0
0.0
1.0
0.0
0.0
0.0
0.0
1.0
1.0
1.0
0.0
0.0
0.0
0.0
1.0
1.0
1.0
0.0
0.0
0.0
0.0
1.0
1.0
1.0
0.0
0.0
0.0
0.0
1.0
1.0
1.0
0.0
0.0
0.0
0.0
1.0
1.0
1.0
0.0
0.0
0.0
1.0
1.0
0.0
0.0
1.0
0.0
0.0
0.0
0.0
0.0
0.0
0.0
0.0
0.0
0.0
0.0
0.0
0.0
0.0
0.0
0.0
0.0
0.0
0.0
0.0
0.0
0.0
0.0
0.0
0.0
0.0
0.9640052
0.96342355
0.90712976
0.98540664
0.7465203
0.77205974
0.75111145
0.7511383
0.98129636
0.7863839
0.76596814
0.7659747
0.6989541
0.6741225
0.9797406
0.65723103
0.40137792
0.8413338
0.8275098
0.91841453
0.9070026
0.8780661
0.94342726
0.9359647
0.92566055
0.9485132
0.94185615
0.932345
0.97985315
0.97682846
0.81874394
0.5828079
0.97734386
0.82168955
0.58531123
0.96893364
0.7590254
0.9327103
0.5280744
0.663488
0.5190042
0.5379849
0.5264214
0.43227506
0.95244
0.95139706
0.9211608
0.8730546
0.9695393
0.9533537
0.323921
0.9665727
0.93787664
0.32670304
0.32548258
0.9682188
0.97367996
0.33395556
0.33222932
0.33600324
0.9542991
0.9559274
0.9370362
0.92419
0.32813412
0.32973826
0.3168193
0.9689962
0.95702684
0.94861495
0.91829073
0.3340663
0.31856728
0.31763855
0.9641952
0.95744276
0.93270075
0.9249582
0.31958193
0.3185695
0.32614836
0.96736676
0.9435214
0.9506199
0.3211493
0.32001036
0.32863978
0.934655
0.9271395
0.9364702
0.9267424
0.31861183
0.32623437
0.47448745
0.86859506
0.88472635
0.8679707
0.32203314
0.87403387
0.8559704
0.4196785
0.8978033
0.44614464
0.9527083
0.9481081
0.9480713
0.92949164
0.9613096
0.94890225
0.95802766
0.9532205
0.9370819
0.9486151
0.9571535
0.9440361
0.95408225
0.96152705
0.9592464
0.9745969
0.9780197
0.9769652
0.9796196
0.9827666
0.9820424
0.9838705
0.9827476
0.98494935
0.9863282
0.98548454
0.9815423
0.9865954
0.9857863
0.9820347
0.9794302
0.98733985
0.9844372
0.98234946
0.9841616
0.9846081
0.9825714
0.98433846
0.9832092
0.9887395
0.98812664
0.9881613
0.98720205
0.9864202
0.98645926
0.9864266
0.98753124
0.98756766
0.98755324
0.9856192
0.98727685
0.9872579
0.9852304
0.98473454
0.9874464
0.98548156
0.98500144
0.98297274
0.9871662
0.986791
0.98520875
0.98843914
0.98724616
0.98455113
0.9864979
0.98345906
0.98039025
0.9831361
0.9799483
0.9754961
0.4077175
0.36680183
0.3709463
0.36743644
0.34498438
0.9417168
0.90509427
0.32027283
0.31158513
0.31200516
0.31205252
0.31104586
0.30625197
0.30630192
0.30633238
0.31242752
0.3124782
0.31139758
0.31101957
0.30633396
0.30636632
0.30609977
0.31378555
0.31247512
0.3120185
0.31115645
0.3064687
0.30615437
0.30613184
0.3136916
0.3131446
0.31211478
0.31176654
0.30621454
0.30618817
0.30637163
0.31292084
0.3125226
0.3128672
0.31252185
0.30623388
0.30643892
0.30836764
0.31340465
0.3137992
0.31340346
0.30651385
0.30867803
0.32485592
0.3238152
0.3120607
0.0
0.0
0.0
0.0
0.0
0.0
0.0
0.0
0.0
0.0
0.0
0.0
0.0
0.0
0.0
0.0
0.0
0.0
0.0
0.0
0.0
0.0
0.0
0.0
0.0
0.0
