0.43187577
0.15174691
0.3921429
0.66565114
0.9777209
0.01821427
0.6754399
0.9821156
0.030892871
0.9460915
0.02939573
0.35422617
0.95610446
0.030779906
0.36684528
0.21784659
0.35177082
0.005595253
0.23348565
0.3608695
0.01821427
0.23003674
0.35268983
0.030892871
0.2360589
0.35958952
0.04351189
0.23219429
0.35522956
0.05619049
0.2397572
0.35542315
0.06886909
0.33523163
0.36148164
0.36684528
0.34725097
0.36521938
0.3921429
0.35603282
0.36268538
0.4048214
0.3481351
0.36549684
0.4175
0.4482705
0.37153518
0.7029762
0.45513615
0.36925232
0.7408929
0.46217194
0.36994407
0.75357145
0.4629502
0.37136787
0.76619047
0.5212547
0.37561318
0.9331547
0.52751875
0.37446666
0.9458333
0.5211763
0.3765418
0.95845234
0.5284461
0.37344536
0.9711309
0.527771
0.37474838
0.9837499
0.5334074
0.37748545
0.99642855
0.23476708
0.7877906
0.030892871
0.23920402
0.78351474
0.04351189
0.24001074
0.78721267
0.05619049
0.23886332
0.79063535
0.06886909
0.3427247
0.7827371
0.35422617
0.34749156
0.78261656
0.36684528
0.35791153
0.7806385
0.37952378
0.35455868
0.7816295
0.3921429
0.3674026
0.7841446
0.4048214
0.36079067
0.7820938
0.4175
0.4608078
0.77427065
0.7029762
0.4608059
0.7748063
0.71559525
0.47560012
0.77479523
0.72827387
0.4736017
0.7736101
0.7408929
0.48069558
0.7761534
0.75357145
0.47698438
0.775364
0.76619047
0.5370019
0.7708056
0.9331547
0.5480553
0.77368045
0.9458333
0.54372823
0.77148813
0.95845234
0.55211407
0.7707684
0.9837499
0.5652445
0.77010614
0.99642855
0.28397802
0.28320482
0.36684528
0.27227968
0.26851162
0.4048214
0.25367177
0.19379957
0.72827387
0.24196106
0.18934281
0.7408929
0.24140938
0.19004165
0.75357145
0.23130207
0.18359615
0.76619047
0.18386543
0.14549506
0.9458333
0.17258257
0.13909577
0.95845234
0.17420433
0.14123161
0.9711309
0.17291668
0.13739392
0.99642855
0
0
0
0
0
0
0
0
0
0
0
0
0
0
0
0
0
0
0
0
0
0
0
0
0
0
0
0
0
0
0
0
0
0
0
0
0
0
0
0
0
0
0
0
0
0
0
0
0
0
0
0
0
0
0
0
0
0
0
0
0
0
0
0
0
0
0
0
0
0
0
0
0
0
0
0
0
0
0
0
0
0
0
0
0
0
0
0
0
0
0
0
0
0
0
0
0
0
0
0
0
0
0
0
0
0
0
0
0
0
0
0
0
0
0
0
0
0
0
0
0
0
0
0
0
0
0
0
0
0
0
0
0
0
0
0
0
0
0
0
0
0
0
0
0
0
0
0
0
0
0
0
0
0
0
0
0
0
0
0
0
0
0
0
0
0
0
0
0
0
0
0
0
0
0
0
0
0
0
0
0
0
0
0
0
0
0
0
0
0
0
0
0
0
0
0
0
0
0
0
0
0
0
0
0
0
0
0
0
0
0
0
0
0
0
0
0
0
0
0
0
0
0
0
0
0
0
0
0
0
0
0
0
0
0
0
0
0
0
0
0
0
0
0
0
0
0
0
0
0
0
0
0
0
0
0
0
0
0
0
0
0
0
0
0
0
0
0
0
0
0
0
0
0
0
0
0
0
0
0
0
0
0
13
0
14
0
47
1
2
1
25
1
26
1
27
1
28
2
3
2
26
2
27
2
28
2
29
3
0
3
4
4
0
4
47
5
6
5
7
5
8
5
9
6
7
6
8
6
9
6
10
7
8
7
9
7
10
8
9
8
10
8
11
8
46
9
10
9
11
9
46
10
0
10
11
10
12
10
46
11
0
11
12
11
13
11
14
11
47
12
13
12
14
12
15
12
47
13
14
13
15
13
48
14
15
14
16
14
48
14
49
15
16
15
17
15
48
15
49
15
50
16
17
16
18
16
19
16
20
16
50
16
51
16
52
17
18
17
19
17
20
17
21
17
51
17
52
17
53
18
19
18
20
18
21
18
22
18
52
18
53
18
54
19
20
19
22
19
23
19
52
19
53
19
54
20
21
20
22
20
23
20
24
20
53
20
54
20
55
21
22
21
23
21
24
21
54
22
23
22
24
22
55
23
24
23
55
25
26
25
27
25
28
25
29
26
27
26
29
26
30
27
28
27
29
27
30
27
31
28
29
28
30
28
31
28
32
29
30
29
31
29
32
29
33
30
31
30
32
30
33
30
34
31
32
31
33
31
34
31
35
32
33
32
34
32
35
32
36
33
34
33
35
33
36
33
37
34
35
34
36
34
37
34
38
35
37
35
38
35
39
36
37
36
38
36
39
36
40
37
38
37
39
37
40
37
41
38
39
38
40
38
41
38
42
39
40
39
41
39
42
39
43
40
41
40
42
40
43
41
42
41
43
41
44
42
43
42
44
42
45
43
44
43
45
44
45
46
0
46
12
46
13
46
14
46
47
47
14
47
15
47
48
48
16
48
17
48
18
48
19
48
49
48
50
48
51
49
17
49
18
49
19
49
20
49
50
49
51
49
52
50
18
50
19
50
20
50
21
50
51
50
52
50
53
51
19
51
20
51
21
51
22
51
52
51
53
51
54
52
21
52
22
52
23
52
24
52
53
52
54
52
55
53
22
53
23
53
24
53
54
53
55
54
23
54
24
54
55
-1
-1
-1
-1
-1
-1
-1
-1
-1
-1
-1
-1
-1
-1
-1
-1
-1
-1
-1
-1
-1
-1
-1
-1
-1
-1
-1
-1
-1
-1
-1
-1
-1
-1
-1
-1
-1
-1
-1
-1
-1
-1
-1
-1
-1
-1
-1
-1
-1
-1
-1
-1
0.0
0.0
0.0
1.0
0.0
0.0
0.0
0.0
1.0
0.0
0.0
0.0
0.0
0.0
1.0
0.0
0.0
1.0
1.0
1.0
1.0
1.0
1.0
1.0
1.0
1.0
1.0
1.0
1.0
1.0
1.0
0.0
1.0
1.0
0.0
0.0
1.0
1.0
0.0
0.0
1.0
1.0
1.0
0.0
1.0
1.0
1.0
0.0
1.0
1.0
0.0
1.0
1.0
0.0
0.0
1.0
1.0
0.0
0.0
0.0
1.0
1.0
1.0
1.0
0.0
0.0
0.0
1.0
1.0
1.0
1.0
0.0
0.0
0.0
1.0
1.0
1.0
1.0
0.0
0.0
0.0
1.0
1.0
1.0
0.0
0.0
0.0
1.0
1.0
1.0
1.0
0.0
0.0
0.0
1.0
1.0
1.0
0.0
1.0
1.0
0.0
1.0
0.0
1.0
1.0
1.0
1.0
1.0
1.0
1.0
1.0
1.0
1.0
1.0
1.0
1.0
1.0
1.0
1.0
1.0
1.0
1.0
1.0
1.0
1.0
1.0
1.0
1.0
1.0
1.0
1.0
1.0
1.0
1.0
1.0
1.0
1.0
1.0
1.0
1.0
1.0
1.0
1.0
1.0
1.0
1.0
1.0
1.0
1.0
1.0
1.0
1.0
1.0
1.0
1.0
1.0
1.0
1.0
1.0
1.0
1.0
1.0
1.0
1.0
1.0
1.0
1.0
1.0
1.0
1.0
1.0
1.0
1.0
0.0
0.0
0.0
0.0
1.0
0.0
0.0
1.0
0.0
0.0
0.0
0.0
1.0
1.0
1.0
0.0
0.0
0.0
0.0
1.0
1.0
1.0
0.0
0.0
0.0
0.0
1.0
1.0
1.0
0.0
0.0
0.0
0.0
1.0
1.0
1.0
0.0
0.0
0.0
0.0
1.0
1.0
1.0
0.0
0.0
0.0
1.0
1.0
0.0
0.0
1.0
0.0
0.0
0.0
0.0
0.0
0.0
0.0
0.0
0.0
0.0
0.0
0.0
0.0
0.0
0.0
0.0
0.0
0.0
0.0
0.0
0.0
0.0
0.0
0.0
0.0
0.0
0.94423157
0.95722383
0.5875643
0.99370617
0.030644203
0.065635026
0.102836646
0.108095914
0.7490276
0.03250435
0.04995953
0.052673247
0.073612705
0.98013544
0.99942636
0.98782957
0.9252047
0.9558907
0.9345262
0.9372986
0.91187805
0.88713354
0.9571134
0.9407775
0.95441586
0.95119137
0.93098843
0.9493882
0.9399328
0.93694675
0.81218624
0.462992
0.9452399
0.83398116
0.500382
0.9604147
0.8876214
0.9431674
0.61161125
0.90589434
0.94500816
0.8855254
0.6780476
0.86834717
0.941252
0.8387058
0.88860255
0.6415781
0.9047165
0.9357568
0.12616682
0.96319646
0.94461006
0.12061515
0.09270083
0.9603651
0.8908861
0.09794561
0.07483132
0.07332832
0.95714945
0.9372893
0.91683775
0.8162195
0.030484678
0.027214376
0.021309124
0.95340466
0.9438898
0.92757297
0.9538367
0.023126023
0.016839173
0.013987215
0.9137932
0.9483872
0.96723133
0.94367635
0.015732976
0.013065926
0.012419012
0.96154535
0.95798236
0.9604196
0.029521868
0.024575654
0.023372382
0.94936585
0.981445
0.9702415
0.94253844
0.012100454
0.01150078
0.014947732
0.9784945
0.9797672
0.9710958
0.017462045
0.99034077
0.9846406
0.047709968
0.9807022
0.045867298
0.9447883
0.8953153
0.89137805
0.8241798
0.934032
0.8858513
0.8988545
0.95273936
0.92009914
0.9295115
0.8892548
0.92793477
0.93648785
0.89978576
0.8918619
0.94674784
0.9438076
0.93912905
0.8968677
0.9494961
0.9452636
0.9068389
0.9221918
0.9418345
0.94818985
0.952917
0.9553231
0.9531195
0.95741695
0.9594496
0.9168566
0.94208294
0.9231592
0.84846807
0.9504122
0.9461096
0.8910952
0.9655268
0.95373297
0.970554
0.9725366
0.9722092
0.94019884
0.94986624
0.94436264
0.93697524
0.9553376
0.9638671
0.96717346
0.96242964
0.9711726
0.9681415
0.972539
0.977462
0.97105014
0.9688159
0.97519284
0.9726051
0.96368134
0.9710769
0.9680738
0.9833189
0.9841232
0.9126544
0.98671573
0.9419517
0.9207872
0.96465355
0.9513386
0.9870624
0.7155361
0.8178622
0.6690183
0.35496944
0.9478004
0.38521716
0.49011475
0.6556484
0.05056
0.019585732
0.010532654
0.0076729516
0.8456793
0.8161004
0.80484724
0.017172193
0.009224223
0.0067323954
0.0030943882
0.79252434
0.7802168
0.7135647
0.010409272
0.0075629945
0.0034107086
0.006807271
0.81009966
0.6613747
0.58938605
0.007045961
0.0031785516
0.0063415654
0.0028630132
0.65413195
0.5815778
0.6093354
0.0034785743
0.0015846768
0.0017036021
0.001374252
0.74923337
0.68544066
0.74222213
0.0015462032
0.0015957206
0.0013692753
0.6517702
0.756863
0.0016905449
0.0013600515
0.68781674
0.0
0.0
0.0
0.0
0.0
0.0
0.0
0.0
0.0
0.0
0.0
0.0
0.0
0.0
0.0
0.0
0.0
0.0
0.0
0.0
0.0
0.0
0.0
0.0
0.0
0.0
