
// 23us
0.810  0.814  0.812  0.484  0.812  0.757  0.611  0.819  0.819  0.749  
0.819  0.819  0.746  0.819  0.746  0.824  0.622  0.826  0.749  0.826  
0.749  0.824  0.749  0.752  0.500  0.831  0.755  0.757  0.833  0.757  
0.833  0.75

1      1      1      _      1      1      _      1      1      1      
1      1      1      1      1      1      _      1      1      1      
1      1      1      1      _      1      1      1      1      1      
1      1


// 10us
0.805  0.817  0.826  0.480  0.808  0.757  0.626  0.826  0.831  0.755  
0.828  0.833  0.755  0.833  0.752  0.826  0.644  0.842  0.760  0.842  
0.763  0.839  0.763  0.766  0.511  0.844  0.771  0.774  0.848  0.769  
0.835  0.769
1      1      1      _      1      1      _      1      1      1      
1      1      1      1      1      1      _      1      1      1      
1      1      1      1      _      1      1      1      1      1      
1      1
